00101111001010100000101000100000001010100010000000111101001111010011110100111101001111010011110100111101001111010011110100111101
00111101001111010011110100111101001111010011110100111101001111010011110100111101001111010011110100111101001111010011110100111101
00111101001111010011110100111101001111010011110100111101001111010011110100111101001111010011110100111101001111010011110100111101
00111101001111010011110100111101001111010011110100111101001111010011110100111101001111010011110100111101001111010011110100111101
00111101001111010011110100111101001111010011110100111101001111010011110100111101001111010011110100111101001111010011110100111101
00111101001111010011110100111101001111010011110100111101001111010011110100111101001111010000101000100000001010100000101000100000
00101010001000000010000000100000001000000010000000100000001000000100011001101001011011000110010101101110011000010110110101100101
00111010001000000010000001100010011010010110111001100001011100100111100100101110011000110000101000100000001010100000101000100000
00101010001000000010000000100000001000000100010001100101011100110110001101110010011010010111000001110100011010010110111101101110
00111010001000000010000001110100011011110010000001100011011011110110111001110110011001010111001001110100001000000110111001110101
01101101011000100110010101110010001000000111010001101111001000000110001001101001011011100000101000100000001010100000101000100000
00101010001000000010000000100000001000000010000000100000001000000010000001010110011001010111001001110011011010010110111101101110
00111010001000000010000000110001001011100011000000001010001000000010101000100000001000000010000000100000001000000010000000100000
00100000010000110111001001100101011000010111010001100101011001000011101000100000001000000100011001110010011010010110010001100001
01111001001000000011000000110011001000000100110101100001011110010010000000110010001100000011000100110011001000000011000000110010
00111010001100100011010000111010001100000011010000100000001000000100100101010011010101000000101000100000001010100010000000100000
00100000001000000010000000100000001000000101001001100101011101100110100101110011011010010110111101101110001110100010000000100000
01101110011011110110111001100101000010100010000000101010001000000010000000100000001000000010000000100000001000000100001101101111
01101101011100000110100101101100011001010111001000111010001000000010000001100111011000110110001100001010001000000010101000001010
00100000001010100010000000100000001000000010000000100000001000000010000000100000001000000100000101110101011101000110100001101111
01110010001110100010000000100000010100110110000101101110011101000110111101110011011010000010000001000110011001010111001001101110
01100001011011100110010001100101011100110010000000101000001010010010110000100000011100110010111001101001011100110010111001110011
01100001011011100111010001101111011100110110100001000000011001110110110101100001011010010110110000101110011000110110111101101101
00001010001000000010101000100000001000000010000001001111011100100110011101100001011011100110100101111010011000010111010001101001
01101111011011100011101000100000001000000100100101010011010100110100001100001010001000000010101000001010001000000010101000100000
00111101001111010011110100111101001111010011110100111101001111010011110100111101001111010011110100111101001111010011110100111101
00111101001111010011110100111101001111010011110100111101001111010011110100111101001111010011110100111101001111010011110100111101
00111101001111010011110100111101001111010011110100111101001111010011110100111101001111010011110100111101001111010011110100111101
00111101001111010011110100111101001111010011110100111101001111010011110100111101001111010011110100111101001111010011110100111101
00111101001111010011110100111101001111010011110100111101001111010011110100111101001111010011110100111101001111010011110100111101
00111101001111010011110100111101001111010000101000100000001010100010111100001010000010100010001101101001011011100110001101101100
01110101011001000110010100001001001111000111001101110100011001000110100101101111001011100110100000111110000010100010001101101001
01101110011000110110110001110101011001000110010100001001001111000111001101110100011001000110110001101001011000100010111001101000
00111110000010100000101000101111001010100010000000001010001000000010101000100000001111010011110100111101001000000010000001000110
01010101010011100100001101010100010010010100111101001110001000000010000000111101001111010011110100111101001111010011110100111101
00111101001111010011110100111101001111010011110100111101001111010011110100111101001111010011110100111101001111010011110100111101
00111101001111010011110100111101001111010011110100111101001111010011110100111101001111010011110100111101001111010011110100111101
00111101001111010011110100111101001111010011110100111101001111010011110100111101001111010011110100111101001111010011110100111101
00111101001111010011110100111101001111010011110100111101001111010011110100111101001111010011110100111101001111010011110100001010
00100000001010100010000000100000001000000010000000100000001000000010000000100000001000000100111001100001011011010110010100111010
00100000001000000110110101100001011010010110111000001010001000000010101000100000001000000100010001100101011100110110001101110010
01101001011100000111010001101001011011110110111000111010001000000010000001100011011000010110110001101100001000000110111001110101
01101101001000000111010001101111001000000110001001101001011011100010000001100110011101010110111001100011011101000110100101101111
01101110000010100000100100001001001000000010000000110110001101010010111100110010001000000110001100001010001000000010101000100000
00111101001111010011110100111101001111010011110100111101001111010011110100111101001111010011110100111101001111010011110100111101
00111101001111010011110100111101001111010011110100111101001111010011110100111101001111010011110100111101001111010011110100111101
00111101001111010011110100111101001111010011110100111101001111010011110100111101001111010011110100111101001111010011110100111101
00111101001111010011110100111101001111010011110100111101001111010011110100111101001111010011110100111101001111010011110100111101
00111101001111010011110100111101001111010011110100111101001111010011110100111101001111010011110100111101001111010011110100111101
00111101001111010011110100111101001111010000101000100000001010100010111100001010000010100111011001101111011010010110010000100000
01101110011101010110110100110010011000100110100101101110001010000111010101101110011100110110100101100111011011100110010101100100
00100000011010010110111001110100001000000110000100101001011110110000101001101001011011100111010000100000011101000110010101101101
01110000010110110011100001011101001000000011110100100000011110110010000001111101001110110000101001101001011011100111010000100000
01101001001000000011110100100000001100000011101100001010001000000010000001110111011010000110100101101100011001010010100001100001
00100000001000010011110100100000001100000010100101111011000010100000100101110100011001010110110101110000010110110110100101011101
00100000001111010010000001100001001000000010010100100000001100100011101100001010000010010010000001100001001000000011110100100000
01100001001000000010111100110010001110110000101000001001011010010010101100101011001110110000101000001001011111010000101000001001
01110000011100100110100101101110011101000110011000101000001000100100001001101001011011100110000101110010011110010010000001011100
01110100001000100010100100111011000010100000100101100110011011110111001000101000011010010010000000111101001000000011100000100000
00111011001000000110100100100000001111100011110100100000001100000010000000111011011010010010110100101101001000000010100101111011
00001010000010010110100101100110001010000111010001100101011011010111000001011011011010010101110100100000001111010011110100100000
00111000001010010000101000001001000010010011101100001010000010010110010101101100011100110110010100001010000010010010000000100000
01110000011100100110100101101110011101000110011000101000001000100010010101100100001000100010110000100000001000000111010001100101
01101101011100000101101101101001010111010010100100111011000010100000100101111101000010100111110100001010000010100000100101101001
10110111001110100000010100110110101100001011010010110111000100000001010000010000001101001011011100111010000100000011000010111001
00110011101100011001011000010000001100011011010000110000101110010001000000010101001100001011100100110011101110110010110110101110
10010000000101001000010100111101100001010000010010111010101101110011100110110100101100111011011100110010101100100001000000110100
10110111001110100001000000110000100100000001111010010000000110001001100100011100000111011000010100000100101101110011101010110110
10011001001100010011010010110111000101000011000010010100100111011000010100000100101110010011001010111010001110101011100100110111
00010000001000101010110000100100101010100010111110101001101010101010000110100001101000101010100110101001100111011000010100111110
10000100100001001000010010000100100101111001010100010000000101101001011010010110100101101001011010010110100101101001011010010110
10010110100100000001000000110010101101110011001000010000001101111011001100010000001100110011101010110111001100011011101000110100
10110111101101110001000000110110101100001011010010110111000100000001000000010110100101101001011010010110100101101001011010010110
